69
29
9
96
2
61
4
67
93
25
73
21
1
49
60
83
38
15
4
60
34
75
98
73
3
63
59
56
75
71
6
21
100
77
19
15
21
68
37
31
84
8
24
76
48
84
49
50
82
68
25
17
68
31
92
21
56
86
100
51
71
100
70
24
59
26
75
12
13
50
54
22
69
2
6
36
31
27
6
13
2
100
52
98
28
51
79
14
99
87
87
38
64
46
74
43
94
28
69
59
70
53
100
5
68
75
2
5
55
54
59
65
59
39
7
37
92
31
47
69
71
45
14
2
68
30
22
28
43
89
64
81
80
36
12
27
70
75
14
81
78
17
4
40
5
84
14
58
56
44
74
28
5
95
42
56
74
64
96
41
38
84
6
36
68
63
36
20
30
50
51
16
13
92
65
21
79
59
40
88
26
6
5
25
2
17
41
56
16
12
68
16
98
27
42
89
53
54
85
78
3
22
45
67
49
91
