28
80
24
13
18
28
77
14
62
75
42
50
9
10
100
39
72
39
39
96
32
71
26
89
8
59
79
68
63
94
98
16
33
47
36
89
91
80
85
11
7
50
26
73
47
70
98
25
40
62
64
54
29
22
50
39
36
95
23
21
9
73
73
52
62
25
94
96
76
31
74
35
38
58
63
64
24
20
51
33
10
78
2
1
43
84
57
50
2
73
54
52
64
66
67
79
28
38
1
46
45
80
87
24
23
53
66
6
60
15
29
30
29
99
27
33
68
56
57
20
34
71
36
46
59
22
30
77
10
13
61
40
53
38
61
35
79
36
7
41
77
39
54
57
46
37
96
72
57
15
18
32
87
64
10
79
88
82
27
68
6
31
80
72
49
60
37
78
7
34
95
22
14
6
82
86
90
9
67
28
78
2
37
13
91
28
3
44
62
88
65
1
83
71
54
7
91
7
4
63
46
88
2
96
61
30
