75
71
58
100
71
27
49
69
82
16
21
11
14
5
46
40
58
52
42
6
42
59
98
8
78
91
83
77
6
85
23
16
57
57
6
2
23
54
61
100
86
72
44
99
25
39
81
100
99
38
55
54
58
27
81
2
12
66
63
47
96
76
80
42
71
14
72
65
18
94
44
86
98
13
32
39
89
54
48
49
11
59
62
25
22
69
12
67
45
42
57
50
5
22
5
67
56
84
66
100
53
68
72
29
6
79
91
97
55
49
34
15
84
8
55
29
74
85
9
11
66
5
18
14
71
68
17
38
40
3
21
3
20
28
49
33
67
96
36
57
61
42
17
75
93
11
69
8
100
81
100
47
14
73
35
16
11
38
69
65
98
97
60
17
78
21
36
84
3
68
22
56
42
66
7
46
95
58
31
22
59
97
64
29
78
91
37
25
63
98
94
46
51
68
89
12
